defMapWidth = 370
defMapHeight = 370

Ausminx <- 112.905
Ausminy <-  -43.735
Ausmaxx <- 154.005
Ausmaxy <- -9.005